
0.320819880065,
0.320819880065,
0.320819880065,2.43236939524,13.9965526567,13.9965522558,13.9965527347,
0.320819880065,2.01749841757,2.01749894145,2.01749781178,2.01749844878,
0.320819880065,5.65869572324,
0.320819880065,4.24135142331,4.24245656558,4.21270428229,4.2143190584,4.19796935678,4.22932958944,4.2629504388,4.24400620121,4.24473411542,4.22390555378,4.20809601453,4.21909556698,4.21664722449,4.20460132757,4.1973477945,4.23150832993,4.22827752242,4.23012220793,4.21110252454,4.19753456954,4.21167692303,4.22884228429,4.25427381282,4.21330720398,4.20502832883,4.22177190107,4.24130023986,4.21648233754,4.23831312184,4.23295849222,
0.320819880065,
0.320819880065,2.07015727337,2.07015494893,2.07015256668,2.07015277534,2.07015724185,2.07036060823,2.0701531155,2.07016600288,2.07036070213,2.07016384646,2.07036648355,2.0703585671,2.07031835176,2.07035834776,2.07036286046,2.07036095277,2.07036240733,2.07036392143,2.07014825273,2.07014728151,2.07023695658,2.07015654812,2.07021337194,2.07015384518,2.07014710956,2.07036258511,2.07015982759,2.07035784856,2.07026826896,2.07016715266,
0.320819880065,
0.320819880065,
0.320819880065,
0.320819880065,2.01715059528,2.01714919859,2.01714646236,2.01715035978,2.01715149861,2.0171509173,2.01715031369,2.01715086312,2.01715095835,2.01715010253,2.01714953946,2.01715106012,2.01715041891,2.0171507013,2.01715079283,2.01715018727,2.017150538,2.01714800395,2.01715062304,2.01714973969,2.01715132933,4.9293416321,4.92925464924,4.9292564379,4.92922632084,4.92930466175,4.92927682048,4.92932341215,4.92933533884,4.92917883166,